%YAML:1.0
---
type: IMU
name: back_imu
Gyr:
   unit: " rad/s"
   avg-axis:
      gyr_n: 9.2374208396946763e-04
      gyr_w: 2.7834442080834588e-05
   x-axis:
      gyr_n: 9.7738212964773954e-04
      gyr_w: 1.9589942954392078e-05
   y-axis:
      gyr_n: 1.0535515370704270e-03
      gyr_w: 4.1657761502141968e-05
   z-axis:
      gyr_n: 7.4029258519023658e-04
      gyr_w: 2.2255621785969714e-05
Acc:
   unit: " m/s^2"
   avg-axis:
      acc_n: 8.0140677855984124e-03
      acc_w: 2.1552572926738622e-04
   x-axis:
      acc_n: 8.1257011668114561e-03
      acc_w: 2.4592509054346333e-04
   y-axis:
      acc_n: 8.0572868956258481e-03
      acc_w: 2.0860634820591621e-04
   z-axis:
      acc_n: 7.8592152943579314e-03
      acc_w: 1.9204574905277909e-04
