%YAML:1.0
---
type: IMU
name: d435i
Gyr:
   unit: " rad/s"
   avg-axis:
      gyr_n: 3.0702991209586293e-03
      gyr_w: 2.1144620101483558e-05
   x-axis:
      gyr_n: 3.6473332719413939e-03
      gyr_w: 2.3258131499590876e-05
   y-axis:
      gyr_n: 3.3799377350055325e-03
      gyr_w: 2.4185895343459617e-05
   z-axis:
      gyr_n: 2.1836263559289618e-03
      gyr_w: 1.5989833461400182e-05
Acc:
   unit: " m/s^2"
   avg-axis:
      acc_n: 2.1816988780323721e-02
      acc_w: 8.1388753164017514e-04
   x-axis:
      acc_n: 1.9744198751525815e-02
      acc_w: 6.6143387956061294e-04
   y-axis:
      acc_n: 1.7376818921007904e-02
      acc_w: 4.3802080213831964e-04
   z-axis:
      acc_n: 2.8329948668437445e-02
      acc_w: 1.3422079132215927e-03
