%YAML:1.0
---
type: IMU
name: d435i
Gyr:
   unit: " rad/s"
   avg-axis:
      gyr_n: 3.0356369529651764e-03
      gyr_w: 3.4613797908296796e-05
   x-axis:
      gyr_n: 3.3296272551735901e-03
      gyr_w: 5.2007902537192767e-05
   y-axis:
      gyr_n: 2.9075562384647453e-03
      gyr_w: 3.3492873610656381e-05
   z-axis:
      gyr_n: 2.8697273652571928e-03
      gyr_w: 1.8340617577041241e-05
Acc:
   unit: " m/s^2"
   avg-axis:
      acc_n: 3.0244532270646610e-02
      acc_w: 1.1938789044782358e-03
   x-axis:
      acc_n: 2.2520375194002285e-02
      acc_w: 1.0219604669377364e-03
   y-axis:
      acc_n: 2.3719704452456400e-02
      acc_w: 4.4700349761388403e-04
   z-axis:
      acc_n: 4.4493517165481153e-02
      acc_w: 2.1126727488830865e-03
