%YAML:1.0
---
type: IMU
name: front_imu
Gyr:
   unit: " rad/s"
   avg-axis:
      gyr_n: 9.3695038703331054e-04
      gyr_w: 2.1687493171613642e-05
   x-axis:
      gyr_n: 9.5827366861538381e-04
      gyr_w: 1.5663985517869015e-05
   y-axis:
      gyr_n: 1.0263509257490773e-03
      gyr_w: 2.8766317133909837e-05
   z-axis:
      gyr_n: 8.2622656673547029e-04
      gyr_w: 2.0632176863062077e-05
Acc:
   unit: " m/s^2"
   avg-axis:
      acc_n: 8.1062634812348947e-03
      acc_w: 2.5541167202839391e-04
   x-axis:
      acc_n: 7.6552867837647977e-03
      acc_w: 2.1145724277786857e-04
   y-axis:
      acc_n: 7.6508042425294668e-03
      acc_w: 3.0474635645855478e-04
   z-axis:
      acc_n: 9.0126994174104177e-03
      acc_w: 2.5003141684875837e-04
